is simply dummy text of the printing and typesetting industry. a AAAAAH58	57	100	27	69	86	89	61	69	29	
40	53	50	89	73	
57	88	59	64	2	
78	20	27	13	52	
22	11	97	1	57	84	29	77	77	78	
10	56	23	1	4	
68	1	49	56	51	
65	12	46	48	65	
42	83	71	99	44	49	57	2	0	90	
37	68	60	44	8	
28	42	49	74	79	
63	66	98	68	44	
9	53	14	36	6	81	25	63	79	31	
16	99	22	67	56	
55	36	78	97	7	
0	77	53	30	52	
12	54	64	97	39	65	45	37	49	37	
52	15	35	10	11	
63	71	73	94	8	
65	98	63	59	32	
18	20	5	94	59	34	42	17	30	24	
34	37	79	28	75	
35	71	43	40	5	
74	61	53	90	84	
78	80	25	62	55	2	90	82	53	100	
4	100	1	100	8	
90	72	2	84	5	
69	7	6	51	74	
24	98	37	69	19	50	99	67	13	46	
18	67	1	57	49	
75	69	51	26	13	
81	4	46	89	11	
1	31	8	84	0	47	35	32	57	96	55	17	7	40	21	1	66	78	59	74	38	40	37	75	0	100	21	71	58	91	62	61	72	52	94	94	18	33	43	24	25	82	13	5	39	90	50	21	72	82	21	80	20	22	36	37	75	90	52	8	
60	23	86	53	43	
69	23	66	56	90	
60	31	42	98	25	
61	84	35	10	47	
