23	92	39	2	74	52	2	81	6	17	85	30	37	24	77	91	63	45	28	61	80	92	30	24	1	98	37	84	13	64	97	15	69	99	7	72	41	7	20	85	22	83	73	21	32	45	6	44	17	52	53	50	99	46	77	61	75	88	55	28	41	26	6	57	25	96	62	88	28	52	45	90	9	91	64	66	33	92	81	91	51	8	17	51	22	10	98	46	0	2	13	21	72	27	91	22	60	81	41	33	
72	49	65	31	47	34	63	25	95	73	44	84	16	14	14	81	69	66	16	55	12	61	70	37	61	52	97	52	84	50	91	34	87	8	61	76	74	42	72	53	26	55	39	12	95	0	78	32	5	36	65	81	33	35	45	95	41	48	42	49	6	76	66	46	100	1	49	37	16	78	75	70	88	0	52	54	22	45	100	85	90	85	19	82	92	59	49	25	30	67	29	98	88	91	33	72	33	69	79	86	
55	80	12	42	11	35	75	58	15	98	58	99	31	81	96	40	92	6	28	33	7	29	37	64	1	82	0	23	39	33	85	94	83	46	56	62	13	54	87	93	53	12	94	55	32	60	94	69	4	67	89	53	83	38	44	6	33	77	87	76	69	90	0	9	51	69	87	39	50	30	25	75	41	47	17	51	99	5	43	27	100	28	74	42	4	38	15	65	14	2	13	1	29	19	96	53	69	52	15	40	
25	24	73	34	26	34	1	73	2	12	26	30	36	30	35	56	7	86	49	47	27	37	29	66	42	58	61	56	29	0	60	80	5	53	29	96	100	45	6	73	62	69	2	18	7	88	57	54	11	30	33	77	43	60	79	70	52	80	32	49	68	0	27	75	27	10	43	88	7	21	64	41	65	81	42	69	12	83	23	44	84	12	67	33	96	21	61	29	85	50	65	6	77	27	22	4	68	45	11	26	
96	100	90	65	47	13	17	78	34	60	74	65	49	32	19	81	96	74	79	44	82	66	97	92	20	7	81	56	73	34	19	69	39	73	72	46	62	56	23	83	88	77	78	60	21	1	18	14	64	66	28	8	52	17	44	76	80	57	21	82	71	28	74	39	72	6	96	42	55	55	58	81	23	6	28	94	69	76	89	68	9	58	87	18	26	69	45	47	7	94	98	48	0	70	72	33	90	4	82	31	
32	17	62	33	10	3	64	54	10	33	61	25	43	26	19	66	8	54	45	50	70	99	92	44	97	41	29	75	58	98	75	49	69	75	34	81	96	75	43	26	93	47	79	68	70	19	88	75	39	56	41	86	56	90	20	87	50	75	17	92	74	40	58	94	1	72	92	25	81	5	55	79	66	78	81	88	59	55	43	89	90	36	77	75	43	88	40	69	56	65	52	98	79	62	70	68	46	58	86	97	
89	71	61	17	91	18	98	19	44	33	33	93	40	74	77	46	33	68	89	66	21	97	30	100	65	42	53	2	74	25	37	41	46	69	3	19	12	58	69	91	46	11	11	46	8	51	49	39	85	60	93	51	82	60	45	54	100	76	28	72	37	55	26	1	0	7	84	67	57	100	52	51	26	99	82	83	30	38	27	29	79	8	46	38	66	7	62	39	76	37	22	6	31	85	43	12	26	5	13	46	
69	60	39	75	16	16	43	59	54	93	49	63	62	5	98	36	73	85	11	65	30	6	85	35	24	86	41	85	92	62	67	5	13	68	40	13	36	94	36	78	34	2	48	6	71	97	95	92	61	28	23	89	17	56	73	45	22	27	90	76	82	26	74	22	85	33	83	10	37	3	45	52	98	63	22	37	38	36	67	47	41	41	100	43	93	14	22	64	46	13	44	14	49	68	11	97	86	82	8	59	
29	53	13	37	31	93	50	59	43	18	12	1	95	94	28	0	90	79	54	80	86	70	87	70	85	93	23	83	19	1	25	45	46	70	71	45	18	69	63	16	0	42	26	3	18	14	2	81	24	26	76	4	70	46	84	59	8	28	41	19	84	24	46	72	28	61	73	23	50	58	65	51	3	38	25	31	81	26	91	56	13	90	22	32	20	38	88	49	52	8	24	45	34	61	27	12	79	49	44	5	
27	59	80	30	22	78	29	92	11	76	73	29	71	45	52	41	74	88	92	19	4	40	98	97	36	27	47	95	89	8	69	39	85	60	57	59	56	34	19	21	87	11	5	64	26	76	64	56	37	14	5	96	81	92	86	90	72	7	40	56	58	28	28	86	85	87	11	7	77	8	75	13	25	72	11	77	63	71	85	84	37	59	53	34	55	69	53	35	84	95	71	12	59	53	91	7	22	38	48	90	
23	11	23	67	37	46	31	19	54	36	28	54	89	71	36	84	58	69	29	74	83	30	71	1	70	38	6	70	87	17	74	14	43	100	72	49	68	7	81	63	54	84	28	34	42	68	14	14	27	30	65	53	48	7	11	22	34	35	56	12	18	60	84	67	8	98	59	70	17	79	71	65	0	61	42	15	27	5	61	56	66	34	12	83	21	35	100	17	59	91	14	19	49	54	5	65	56	0	64	9	
72	53	84	61	66	90	9	69	97	55	5	3	59	4	1	71	79	76	32	17	50	53	43	93	98	56	19	28	2	74	11	36	93	97	33	43	66	99	69	36	45	1	38	29	54	23	77	1	8	78	44	74	43	61	47	92	52	13	44	14	8	3	2	95	79	85	9	40	90	83	67	87	15	31	52	74	90	68	23	33	68	6	28	29	20	100	77	43	50	48	75	41	44	11	78	5	11	78	3	69	
84	73	29	100	69	73	91	76	59	20	36	24	39	92	97	54	40	83	26	30	63	80	64	55	41	59	6	69	79	50	7	76	69	40	3	73	41	26	69	29	44	28	92	32	53	53	79	56	62	54	64	87	66	52	55	9	5	23	89	67	56	51	59	17	83	27	51	91	16	67	80	83	56	96	97	83	3	92	98	53	72	64	45	23	12	100	30	52	88	35	21	49	14	94	46	98	16	42	53	100	
57	45	97	90	11	83	86	80	67	54	53	81	15	45	70	89	5	100	47	62	55	16	59	34	41	32	89	46	22	12	67	64	26	24	34	27	3	42	97	49	75	41	69	66	8	53	45	80	44	26	27	34	32	42	77	26	89	15	93	57	78	44	89	56	90	54	77	40	66	70	10	18	68	89	82	50	15	45	89	98	57	56	30	71	44	79	92	15	38	80	18	12	44	77	62	2	53	51	46	59	
79	52	32	16	97	69	53	68	34	82	54	74	29	40	42	44	33	82	10	0	36	47	30	17	37	10	76	46	38	51	75	51	49	10	59	36	97	34	4	85	18	19	2	50	37	85	98	45	68	59	54	27	9	7	40	54	52	59	65	85	13	100	79	10	27	35	50	98	47	97	56	84	92	14	9	90	2	86	89	2	73	45	92	8	69	36	83	70	37	27	30	88	50	47	32	41	38	70	42	43	
16	5	62	3	69	47	29	44	91	63	66	92	59	75	9	70	61	59	23	37	1	25	5	28	61	53	35	20	18	64	21	97	34	43	39	54	93	78	7	7	8	16	94	2	5	38	19	15	60	24	0	27	66	42	68	82	20	67	59	34	44	98	10	47	15	39	86	39	45	20	67	62	48	9	100	53	33	26	4	62	99	36	34	91	40	38	18	72	100	52	39	41	85	59	43	4	3	38	4	63	
59	10	96	35	25	68	62	100	42	54	8	44	64	67	66	37	57	94	71	6	18	97	67	9	87	33	44	81	31	11	74	13	86	58	18	65	53	46	67	93	40	75	3	57	70	26	66	92	21	38	43	52	20	64	77	6	67	46	47	4	62	58	61	37	6	24	28	37	60	79	22	78	95	97	100	6	80	94	34	11	57	99	2	25	98	18	90	0	26	51	24	8	5	4	38	32	68	97	37	36	
89	52	93	92	62	32	55	64	71	58	90	74	31	0	34	81	10	17	87	35	17	61	80	36	65	75	43	78	22	36	99	95	42	65	39	81	10	65	70	28	45	47	39	15	53	73	80	72	100	32	19	26	51	80	31	82	68	45	44	39	93	38	69	35	95	35	85	75	60	71	50	75	79	36	25	71	38	65	52	27	90	77	9	59	82	68	47	83	58	38	48	69	7	67	73	36	41	50	9	85	
23	35	73	34	84	92	100	100	14	55	56	65	9	9	21	42	84	54	50	42	48	75	25	88	97	30	17	28	74	100	69	24	13	74	92	44	19	36	5	71	18	62	28	34	54	29	68	87	14	99	33	58	32	90	82	100	67	35	21	94	45	0	77	69	25	91	35	11	52	86	83	24	47	24	17	7	19	84	41	86	60	51	3	29	43	87	53	27	62	3	6	93	59	15	66	12	56	21	42	13	
8	20	35	76	25	47	22	37	40	37	34	1	57	12	60	1	56	13	48	70	62	33	4	38	22	12	27	77	7	10	9	28	85	16	5	14	12	35	11	25	42	75	18	63	77	9	22	38	79	32	77	78	51	40	76	40	22	37	93	43	41	72	7	52	4	59	75	10	47	37	35	19	72	32	48	46	44	95	36	70	25	83	45	33	64	40	12	44	91	6	6	51	20	92	79	5	93	7	76	26	
74	3	21	71	52	4	89	36	7	12	41	47	77	82	88	38	67	34	49	74	43	36	15	94	99	60	69	14	11	87	71	80	3	40	14	70	85	53	14	52	30	96	14	78	28	78	4	92	57	61	65	94	34	35	68	81	99	11	16	43	61	41	2	41	11	90	39	87	3	17	90	20	0	10	2	36	19	62	55	65	40	28	73	38	16	31	57	89	91	2	44	12	59	32	45	0	30	90	32	15	
66	46	95	9	26	22	19	83	91	30	31	90	42	24	83	79	58	37	49	9	61	30	99	51	73	99	26	54	75	71	89	93	81	1	22	31	44	50	69	49	95	33	99	82	59	78	33	97	25	11	34	57	79	22	82	60	13	79	67	78	73	81	95	23	10	74	8	99	97	13	19	42	69	65	57	76	93	18	18	7	48	41	75	2	81	81	81	31	51	57	86	73	29	50	73	96	11	74	22	5	
25	84	17	75	35	36	59	24	22	34	10	25	57	97	58	96	49	79	44	74	65	46	35	85	0	61	13	47	5	98	26	12	41	32	77	10	37	12	27	46	100	68	10	25	37	99	37	82	49	75	53	51	92	61	100	12	66	3	6	21	70	3	16	84	13	45	81	93	23	85	9	21	56	2	89	30	74	34	20	87	29	22	29	74	90	20	56	74	43	52	69	48	57	14	1	40	3	29	81	16	
12	5	10	14	28	50	57	61	73	78	49	83	22	58	10	84	18	35	52	34	61	97	7	65	35	30	61	50	2	97	76	25	25	100	76	47	90	66	35	65	9	76	36	89	2	94	74	3	87	37	40	41	64	15	44	9	94	35	30	82	6	60	98	95	63	62	56	29	40	21	70	48	17	0	50	67	39	21	51	59	86	10	75	22	98	30	14	16	21	61	12	1	90	63	8	36	0	10	26	8	
26	62	60	19	43	41	98	62	50	96	2	47	7	48	35	71	76	16	30	39	93	47	52	45	19	21	3	71	42	64	1	25	100	13	69	98	28	40	63	59	41	85	6	27	26	100	44	29	48	16	70	99	51	63	2	95	81	78	43	85	91	2	42	49	78	26	79	83	9	75	55	83	22	59	29	62	28	77	6	77	63	22	26	59	72	73	80	45	67	22	60	32	38	51	11	80	35	87	32	12	
90	29	7	32	12	28	81	4	85	31	100	68	0	31	43	95	43	8	58	11	69	18	77	81	49	9	31	92	12	91	62	46	87	23	40	61	44	15	20	69	15	41	0	68	24	15	38	97	76	95	81	41	10	77	94	59	67	68	42	66	73	71	32	0	25	55	70	68	87	60	11	22	60	75	49	96	64	84	77	65	74	59	98	51	55	77	13	42	61	99	6	9	84	26	77	67	64	40	48	92	
49	57	68	23	98	87	20	53	83	9	70	6	33	42	55	0	87	1	45	4	66	75	87	62	42	4	28	29	49	69	50	39	96	11	30	38	63	42	72	75	14	1	83	20	12	4	8	73	22	81	84	97	69	15	73	100	86	3	3	67	74	25	36	91	50	70	51	86	88	22	94	25	83	77	73	74	78	79	71	1	97	53	41	35	27	6	64	69	15	69	14	17	28	89	37	51	83	6	84	29	
57	47	61	12	99	66	32	91	99	56	32	98	15	63	19	70	67	42	94	83	9	39	55	96	99	80	33	27	37	98	35	12	28	81	50	44	47	89	73	74	41	97	78	31	58	43	29	37	28	29	54	36	99	53	56	78	20	64	28	88	14	80	62	96	8	69	11	94	18	43	1	19	8	76	69	8	31	99	84	63	29	48	56	46	67	40	30	47	94	31	88	46	50	65	37	60	11	81	0	38	
43	27	96	6	29	14	96	26	15	77	15	100	57	14	73	89	48	12	4	77	32	66	14	52	29	90	68	15	74	26	57	47	81	84	70	52	59	1	28	66	37	79	22	15	53	41	76	24	66	54	69	96	36	13	7	13	21	5	87	17	17	69	17	4	28	72	47	44	34	99	11	55	76	3	33	90	10	37	0	67	30	68	87	47	68	1	100	67	11	72	83	21	50	98	71	60	92	0	15	38	
68	71	3	29	89	70	1	70	5	12	57	39	19	84	59	19	4	93	92	8	49	18	46	58	90	29	99	21	93	46	81	67	65	61	15	65	95	96	25	3	2	57	78	3	80	81	75	35	97	93	47	97	54	50	44	55	74	59	21	48	1	42	67	96	74	80	10	0	1	71	39	76	25	88	14	53	66	50	43	42	48	63	90	50	65	31	96	76	40	92	17	94	25	70	99	82	39	21	93	67	
43	60	32	24	82	4	60	36	31	76	24	48	88	71	69	46	44	69	10	13	85	56	30	89	60	73	23	30	97	4	9	54	0	77	64	50	31	100	17	8	24	71	81	85	71	24	14	78	63	70	78	25	94	29	52	89	93	35	28	29	61	9	74	44	42	77	4	60	24	78	42	14	21	83	20	90	45	35	46	29	99	51	66	58	62	56	54	86	72	9	48	79	18	28	21	27	64	74	76	97	
44	40	43	98	93	20	55	63	39	47	7	35	22	70	40	8	44	24	9	68	38	83	0	73	64	1	53	48	25	76	97	61	58	68	64	13	46	95	36	50	5	6	93	59	35	84	74	22	52	56	86	21	72	36	49	68	55	90	24	16	71	74	9	78	78	92	36	43	38	91	16	93	64	71	27	85	16	49	47	94	67	94	79	29	47	23	71	51	95	82	4	57	71	74	34	1	73	58	64	98	
80	29	58	86	36	86	33	81	3	89	24	100	74	73	81	75	63	60	94	45	6	50	33	63	99	66	98	41	35	39	15	6	98	37	16	80	58	1	12	87	57	52	73	30	69	61	55	49	14	85	95	6	33	86	68	33	46	11	22	20	5	63	13	52	12	60	16	70	34	48	47	45	40	97	99	65	75	59	100	90	61	40	91	66	43	78	76	16	53	43	71	85	36	51	35	29	29	16	21	53	
18	55	15	48	56	42	13	59	57	45	81	14	28	35	49	12	56	63	97	2	32	87	23	46	59	38	48	59	79	71	9	96	88	43	54	69	91	65	58	89	60	27	44	16	50	80	10	68	38	43	40	47	29	44	28	54	65	68	97	63	11	42	91	88	60	95	60	51	78	100	4	88	57	9	53	20	30	48	27	19	50	13	88	84	51	39	84	80	62	30	61	45	2	18	83	82	30	67	14	79	
26	84	92	100	40	31	83	6	70	21	15	5	26	61	79	13	43	31	52	51	28	30	39	99	77	11	9	59	84	82	78	44	8	37	55	19	8	88	31	28	31	2	19	27	74	18	51	95	61	55	81	54	98	0	77	66	38	54	5	7	22	71	13	64	42	97	83	82	63	40	89	70	52	99	89	33	85	9	88	22	31	46	12	17	51	80	50	11	68	19	25	75	57	100	80	39	62	63	46	69	
18	6	50	87	9	85	58	65	38	56	84	16	28	45	49	97	73	3	49	39	63	13	45	73	74	18	57	37	83	4	56	23	52	60	73	86	80	97	100	91	13	58	34	92	28	9	97	22	77	66	45	61	30	70	97	59	98	54	19	97	72	11	46	51	81	88	68	38	1	32	40	28	39	95	39	81	99	91	6	11	91	41	45	44	77	44	93	15	76	9	11	75	32	7	83	8	82	18	48	63	
40	61	90	91	61	31	42	56	39	10	67	41	100	68	23	41	65	100	60	76	66	56	10	87	63	1	89	17	60	87	55	23	68	35	12	4	18	100	16	77	61	93	13	5	33	34	43	26	11	18	78	20	23	84	0	75	94	58	86	69	43	57	36	94	99	2	85	94	24	20	69	17	51	26	17	86	45	52	86	48	16	6	3	90	45	0	4	75	20	9	12	81	27	77	1	39	75	33	61	50	
62	83	26	3	64	42	77	84	55	22	42	23	3	30	29	55	12	94	66	1	20	58	50	24	88	1	67	96	97	57	11	52	16	29	60	36	12	81	10	41	86	79	83	43	5	16	54	85	59	94	36	66	12	5	33	13	66	3	23	70	34	10	81	97	6	72	94	34	78	65	30	90	53	47	79	19	88	89	39	61	98	84	45	60	82	79	94	20	98	28	38	88	41	52	65	67	91	33	64	65	
61	57	11	87	86	40	47	36	95	76	19	82	63	54	25	19	56	9	92	33	79	8	4	27	21	79	48	44	12	76	97	86	29	70	18	75	84	55	43	16	16	48	70	10	24	6	77	100	86	15	10	37	21	9	96	0	23	100	89	6	84	96	8	2	81	35	54	95	57	6	81	79	74	92	18	29	85	28	1	59	49	25	35	83	99	41	90	24	22	45	71	30	14	11	62	75	79	37	5	92	
87	1	50	3	76	10	95	51	93	52	17	15	23	3	71	58	19	33	45	99	37	74	94	54	31	38	18	44	96	76	5	85	64	22	44	67	8	84	73	70	23	59	75	100	61	62	11	98	50	88	62	81	7	95	7	17	87	17	94	76	15	53	37	31	33	54	7	95	14	28	38	4	24	68	27	68	97	88	97	36	69	9	90	95	77	23	6	26	65	21	41	24	12	62	28	97	4	91	11	84	
91	3	81	78	48	16	5	10	4	9	15	41	3	8	20	19	67	0	26	61	49	1	79	15	35	66	99	10	94	36	28	63	7	34	7	47	41	90	36	40	17	53	77	93	20	96	55	16	99	6	34	73	14	54	65	98	60	45	96	31	97	88	25	1	39	72	48	31	15	63	62	97	49	1	85	8	30	76	71	48	38	58	79	68	2	98	70	35	87	22	72	22	39	77	79	18	20	29	68	90	
78	35	30	78	60	4	32	62	78	54	66	59	52	57	20	23	49	3	32	75	89	64	13	45	55	70	76	70	98	22	62	31	75	19	19	20	73	17	94	15	32	45	30	60	23	49	74	52	20	30	23	33	36	79	27	59	41	64	25	22	56	73	16	34	90	83	15	30	5	72	98	65	0	59	0	94	25	17	77	82	42	88	0	50	60	66	23	33	13	6	16	48	28	16	24	93	47	7	75	81	
62	34	4	45	69	67	15	61	32	94	8	40	67	55	45	64	30	80	76	66	10	18	26	39	34	59	30	81	24	31	47	2	34	5	51	69	96	91	49	62	6	85	29	58	36	53	17	67	69	2	80	14	27	31	35	46	74	86	78	18	74	72	69	64	42	10	15	3	59	45	42	25	45	10	0	1	11	26	57	4	80	51	17	0	85	90	0	4	21	77	97	67	35	32	64	22	58	20	39	26	
51	21	79	98	22	31	63	100	96	3	70	85	53	12	26	12	71	18	35	99	63	30	38	12	99	96	24	39	44	73	0	26	74	81	60	88	41	8	67	23	28	3	62	81	48	82	36	44	77	44	59	61	20	99	64	9	1	60	79	95	58	0	99	55	54	78	92	88	55	23	7	56	28	61	17	84	44	50	91	3	74	56	60	69	43	94	40	65	84	12	40	25	59	47	99	38	81	45	82	9	
34	63	75	72	49	81	17	67	71	10	28	37	18	92	45	25	3	82	4	18	57	24	18	37	51	28	23	8	30	98	20	96	98	30	23	10	33	19	50	28	66	82	18	35	28	22	46	26	72	4	34	83	80	17	92	49	5	84	63	34	5	16	60	82	19	5	100	0	33	67	10	50	9	7	32	97	60	31	46	45	3	45	29	47	0	57	43	27	49	48	19	95	100	36	58	10	0	99	86	63	
5	78	57	31	93	8	97	91	97	70	87	70	16	10	98	49	46	40	5	83	1	31	95	65	89	60	33	46	29	17	98	11	91	75	54	55	48	90	83	73	44	25	60	54	33	58	41	55	84	70	44	33	28	2	82	79	82	6	30	74	58	1	84	24	0	3	31	94	25	75	16	57	37	42	4	84	51	93	49	40	28	69	97	29	21	95	22	9	27	22	75	59	89	15	68	100	80	38	21	73	
22	52	90	71	99	26	49	82	72	90	31	99	71	9	33	5	34	84	22	7	99	26	42	22	79	67	97	53	89	80	93	21	23	31	99	75	83	1	49	34	64	91	26	79	93	16	19	20	63	79	33	35	29	33	0	95	99	92	46	67	94	94	65	97	80	37	6	8	2	1	55	4	71	8	40	64	84	20	63	79	95	52	60	88	68	63	100	8	73	8	41	27	27	46	40	3	55	93	62	28	
22	55	78	63	61	98	47	85	16	34	57	71	22	88	40	18	47	95	29	32	45	46	91	37	55	60	17	14	47	88	58	64	27	46	73	94	90	82	98	57	84	14	22	27	54	88	70	2	24	15	99	90	36	45	7	91	8	65	50	64	6	100	81	9	26	1	69	5	91	67	24	95	73	38	47	1	72	22	6	8	56	6	54	52	71	48	80	59	20	65	46	0	88	57	66	80	93	57	60	7	
9	14	22	36	64	92	97	69	0	39	67	36	46	9	39	91	93	80	3	58	48	90	64	1	39	32	95	86	67	94	34	16	35	61	7	49	44	31	90	89	6	73	80	35	57	48	41	13	23	21	83	42	4	47	24	23	4	49	33	84	45	44	85	25	79	36	45	5	52	25	39	77	65	69	88	13	41	41	1	14	55	52	54	62	24	89	5	63	41	42	14	90	60	67	93	62	0	66	38	39	
35	83	94	33	82	26	26	15	70	92	93	15	47	36	17	85	47	86	38	99	55	23	35	85	56	32	38	21	70	23	57	57	4	31	79	12	3	34	80	83	27	26	84	45	94	11	65	17	91	55	95	18	86	28	33	36	2	88	63	32	28	86	35	61	44	0	21	40	7	15	71	75	41	39	42	2	76	46	52	30	4	84	18	21	100	59	61	84	58	79	43	11	96	92	12	71	48	30	64	56	
68	88	45	48	65	71	46	0	26	89	17	26	84	78	69	82	93	0	23	29	61	89	16	56	25	46	79	2	41	50	93	94	54	75	27	23	12	62	30	49	72	32	97	88	54	34	94	54	77	86	78	65	12	56	100	25	100	96	68	54	23	28	76	81	55	41	39	50	15	94	98	11	43	92	54	84	72	80	51	71	54	78	62	80	44	87	100	51	83	57	98	31	19	54	92	26	62	54	78	62	
28	54	61	13	13	25	37	100	65	69	96	84	80	31	74	2	73	18	82	11	75	51	89	88	41	91	61	7	80	71	92	29	93	0	11	97	63	29	22	48	97	9	50	79	55	12	74	14	96	57	86	4	76	75	2	25	60	35	14	67	45	15	57	38	22	8	54	64	6	64	83	9	57	34	37	57	82	51	39	87	47	48	53	71	43	56	53	74	97	65	68	13	68	34	61	67	84	57	60	94	
36	91	12	46	97	45	61	78	13	55	3	94	66	79	32	65	75	95	12	50	93	77	34	21	39	41	19	55	52	9	97	52	39	13	27	83	75	25	66	67	17	29	1	69	23	15	18	33	42	32	66	43	75	16	91	80	46	40	6	39	34	33	57	88	55	46	78	80	100	97	70	60	7	50	56	12	54	36	0	74	23	29	28	12	97	93	15	30	49	20	79	43	11	45	97	87	89	4	47	50	
43	11	96	75	34	69	86	13	95	11	88	36	11	43	73	66	43	67	60	27	59	73	89	71	11	77	72	31	6	34	23	55	43	8	78	37	72	27	38	24	25	7	74	33	57	39	16	94	56	11	43	88	34	3	56	43	33	41	91	38	41	13	82	8	87	16	78	88	73	82	70	74	83	29	29	96	83	20	25	97	38	41	11	86	39	12	33	48	0	74	18	87	59	26	8	82	94	63	14	95	
3	67	90	25	82	27	64	85	84	60	25	61	17	95	33	89	40	66	89	84	87	17	92	55	56	81	94	14	47	68	96	55	83	68	62	30	8	80	60	10	53	65	6	92	35	51	90	91	64	55	88	12	11	69	21	34	48	23	45	47	38	9	61	6	56	0	49	7	56	45	67	21	92	88	76	41	37	69	73	85	50	46	51	63	63	22	25	50	32	64	98	62	40	92	54	68	42	29	28	69	
6	5	60	34	26	73	41	9	83	100	15	31	99	12	20	41	2	50	7	68	33	3	16	4	61	1	13	13	70	62	0	42	50	38	47	100	6	98	54	83	76	76	74	72	80	41	79	62	84	66	26	1	63	94	67	59	59	42	90	41	5	16	7	99	40	24	97	23	14	38	29	8	89	30	100	41	16	63	100	58	49	39	14	44	96	32	23	53	98	75	4	53	85	14	7	85	7	1	49	10	
54	46	46	23	14	93	33	49	15	51	19	37	52	73	93	45	1	15	25	97	41	46	27	13	61	76	28	39	25	41	85	18	83	90	47	88	73	28	35	93	1	43	0	40	2	14	28	63	64	13	6	37	65	82	42	79	62	86	25	27	50	68	97	42	53	1	51	6	59	14	65	39	96	82	73	44	63	7	64	96	65	8	93	61	78	21	43	46	24	12	2	15	23	14	55	92	56	37	63	77	
0	57	36	66	96	65	45	85	85	31	13	84	55	49	13	41	84	20	31	63	2	89	99	65	20	87	73	34	1	82	3	7	57	38	20	13	91	69	63	76	70	3	91	53	53	79	94	9	52	71	46	97	4	100	26	44	56	40	86	57	26	57	98	22	56	15	21	15	81	32	16	65	53	38	85	65	66	55	86	3	72	38	3	4	27	7	3	12	62	56	47	34	12	31	14	58	97	80	33	4	
18	7	30	27	10	13	69	95	49	48	5	52	33	76	78	60	67	61	86	88	41	62	57	10	83	74	20	18	0	79	73	88	28	77	88	54	63	48	5	70	99	55	100	93	11	10	80	69	24	14	15	27	35	28	46	89	82	5	32	97	79	96	97	93	33	73	72	13	27	3	72	88	72	46	23	71	6	75	92	87	15	15	47	21	14	4	10	19	36	77	85	37	66	37	93	81	100	50	22	97	
31	30	78	54	16	97	67	22	38	29	82	40	68	75	60	22	56	51	97	84	8	89	64	57	43	11	40	45	8	26	29	36	4	72	5	97	50	88	43	76	19	32	74	90	7	39	30	62	11	62	91	82	73	41	90	54	88	7	5	96	25	26	75	59	21	86	29	84	82	89	4	52	81	18	61	70	25	77	43	30	59	60	9	9	32	95	47	73	84	4	52	34	83	28	13	55	71	64	19	27	
64	39	99	40	62	9	21	69	98	89	40	66	56	3	23	59	47	49	13	5	40	13	48	88	52	43	12	86	48	10	60	44	32	94	84	33	74	91	5	87	97	99	13	36	2	51	60	31	21	33	59	52	75	68	53	73	33	30	38	26	72	17	49	44	69	100	22	77	54	61	45	97	47	6	21	83	28	26	94	8	14	85	54	99	13	66	90	91	79	7	47	36	39	64	28	22	80	51	7	5	
30	73	96	26	65	16	50	15	85	17	38	63	58	85	58	24	23	35	38	98	9	94	82	23	14	57	36	14	99	19	4	63	66	18	86	4	32	27	1	66	94	17	49	64	42	14	70	46	12	96	53	50	8	96	15	49	4	68	16	70	0	26	51	57	45	15	52	73	7	78	77	55	89	7	52	31	71	53	12	95	13	46	5	39	29	39	24	42	87	87	27	12	63	0	87	65	97	31	51	1	
74	73	57	46	61	3	13	19	14	80	29	90	50	12	70	15	17	29	94	86	12	54	33	93	85	41	50	83	60	0	93	84	70	6	76	36	9	20	42	22	59	68	19	38	1	58	62	11	31	52	9	77	35	98	23	91	55	93	75	63	54	31	59	40	40	9	73	69	77	8	9	69	26	16	10	6	89	53	10	76	17	3	73	60	53	61	26	87	44	22	49	94	57	59	88	13	5	52	98	88	
21	24	42	35	1	87	67	50	87	75	41	51	74	2	10	93	67	57	71	20	85	8	64	70	1	20	22	12	31	26	93	44	78	99	63	77	69	68	92	25	49	70	65	38	48	33	67	88	56	42	7	13	24	32	41	88	52	90	81	38	33	62	5	64	67	5	18	99	78	58	32	26	25	90	83	35	50	76	85	61	44	62	20	33	57	73	92	31	89	30	58	0	34	60	23	95	56	55	94	13	
86	65	59	50	71	15	20	40	0	29	38	51	72	13	88	89	28	4	39	13	99	18	95	63	96	45	34	31	98	58	85	79	13	65	83	59	1	83	91	94	52	72	67	59	57	0	76	100	52	21	68	79	57	10	92	1	15	60	77	56	61	22	5	43	38	49	31	84	83	86	85	35	36	95	94	91	29	76	84	28	38	10	0	4	84	72	7	50	85	24	73	98	92	43	37	22	5	40	8	56	
82	71	44	10	71	69	67	39	29	84	19	88	43	14	76	23	78	78	5	40	0	39	63	14	8	98	44	26	16	22	49	33	25	92	82	46	92	70	52	99	93	58	38	55	40	81	72	33	32	89	59	5	28	40	68	79	40	52	2	30	0	75	24	48	15	57	50	90	56	9	43	79	14	47	47	40	46	48	15	63	66	30	10	13	65	43	34	37	57	21	24	43	32	39	43	23	77	10	70	33	
21	5	3	40	11	64	4	74	52	88	18	8	0	32	23	4	70	1	75	57	22	79	14	28	33	54	79	17	55	31	80	63	19	25	8	51	8	93	62	67	88	74	30	96	77	95	9	90	47	54	96	86	7	97	17	53	67	28	46	42	29	73	85	51	45	37	16	80	24	46	8	25	35	24	81	38	1	25	89	41	72	94	1	22	21	34	18	23	66	19	15	88	69	13	1	90	4	34	2	14	
100	90	86	99	53	24	100	95	57	56	52	77	81	3	7	54	89	72	21	3	23	7	66	46	28	97	5	73	9	31	79	60	43	87	22	95	96	65	61	87	1	1	24	46	98	71	46	28	42	70	52	83	93	81	6	41	51	40	20	66	74	63	9	16	33	27	41	84	28	15	53	27	61	71	68	94	25	45	92	95	85	33	37	58	31	45	40	30	62	28	59	41	86	6	30	38	94	72	56	43	
96	18	14	82	68	91	18	77	32	82	75	79	30	15	24	56	79	44	48	23	10	41	14	55	62	9	36	6	99	4	85	42	26	22	20	32	53	11	54	98	85	48	88	59	42	56	38	44	81	30	20	83	67	28	19	48	2	33	78	80	85	87	20	51	62	28	46	66	3	59	42	25	100	5	14	70	46	89	0	78	3	86	40	58	5	75	15	4	41	19	53	19	45	66	37	15	39	77	91	91	
12	83	70	65	4	60	63	92	50	86	32	4	24	9	95	25	99	11	6	85	16	23	67	50	70	62	43	45	21	38	66	8	9	9	58	98	96	97	9	20	29	78	18	73	25	91	3	71	6	33	4	78	8	71	58	78	84	56	83	96	41	24	20	41	99	31	54	83	93	92	20	87	99	94	75	67	29	27	2	28	24	7	47	35	63	62	12	7	20	55	7	35	62	31	33	5	33	24	38	31	
39	83	43	20	91	38	56	77	94	40	54	64	63	53	97	45	81	6	36	29	45	90	99	5	37	57	8	78	72	67	10	43	85	50	52	82	67	24	57	86	91	13	86	48	44	23	63	55	64	68	72	32	86	39	57	90	71	73	99	4	13	26	69	38	65	11	97	81	18	48	19	83	3	69	80	19	33	67	8	17	76	57	30	0	21	46	42	13	65	56	53	32	36	63	47	10	54	53	8	65	
34	65	23	78	46	91	43	22	73	19	46	97	6	69	82	75	37	97	68	37	75	10	63	4	33	81	85	89	53	44	60	96	44	48	51	76	22	81	46	92	100	56	72	27	95	1	78	57	20	41	75	72	30	26	33	51	8	36	50	8	54	19	95	67	15	100	72	29	15	92	91	92	26	16	45	71	68	67	0	10	45	42	64	22	11	58	17	27	56	85	2	66	85	73	75	13	6	74	26	66	
80	40	34	26	39	51	41	11	60	5	57	23	37	26	41	71	88	54	97	38	72	32	40	15	29	56	48	5	6	51	32	12	49	68	25	23	52	51	64	83	51	87	51	24	88	98	38	60	18	56	62	14	82	29	92	17	58	1	21	0	13	52	74	37	19	88	5	7	64	31	96	88	59	72	70	1	22	10	15	62	7	0	70	3	48	30	36	4	94	17	46	28	35	92	62	17	13	46	51	77	
94	56	88	91	36	49	37	47	50	96	43	60	95	44	44	50	59	36	2	66	39	39	67	57	16	52	8	2	34	77	33	48	25	39	2	36	86	88	70	15	23	4	44	7	86	75	3	48	17	29	23	47	87	30	60	16	89	71	36	89	2	18	68	12	21	95	78	68	70	81	70	8	59	64	44	58	64	49	2	40	32	34	94	66	24	45	88	0	46	79	4	7	12	4	35	57	11	41	46	63	
7	69	52	26	8	35	11	69	3	60	71	84	92	10	68	19	76	47	86	38	16	74	60	47	68	21	77	18	87	19	25	0	33	42	41	21	16	51	46	62	62	4	72	99	36	78	98	75	13	44	65	65	56	93	26	74	90	99	98	52	29	89	21	10	45	89	19	71	51	15	8	94	33	83	73	85	88	33	15	27	94	47	90	29	60	12	90	89	71	100	95	61	62	89	6	72	94	80	57	35	
74	59	29	84	34	24	28	11	96	73	98	15	17	77	33	19	70	36	20	50	50	23	99	97	98	96	41	17	52	26	34	13	15	82	52	74	71	71	81	12	72	75	72	11	76	68	32	38	44	67	49	49	4	88	39	40	63	19	49	22	82	72	33	48	88	16	72	73	18	4	93	29	47	58	8	79	46	15	41	9	82	47	30	87	78	61	72	17	70	61	89	50	80	2	93	58	2	72	35	5	
53	23	57	69	10	89	18	16	93	12	27	81	32	88	82	28	72	23	98	20	25	72	99	78	67	51	65	45	1	47	59	84	37	22	6	0	74	3	80	20	89	28	51	18	41	45	48	56	20	35	8	35	29	14	32	83	68	99	98	79	3	15	72	71	98	4	47	32	46	8	77	38	29	34	82	62	25	71	65	91	86	57	69	94	34	17	44	55	4	86	66	38	48	61	97	40	20	40	5	57	
68	92	39	11	81	33	55	82	74	74	7	29	12	13	58	52	63	88	3	79	54	95	31	65	83	15	28	63	0	31	85	44	40	26	13	81	25	53	91	21	57	34	33	21	53	48	100	51	87	62	97	55	14	66	12	54	89	0	41	97	12	16	55	94	57	42	87	35	20	61	56	19	3	44	15	99	53	16	94	59	3	70	98	68	12	36	82	87	85	53	47	60	0	81	26	49	61	31	21	74	
18	30	88	50	73	75	61	35	71	18	5	1	82	78	3	70	81	57	47	1	32	48	83	25	75	45	1	24	16	24	14	47	74	15	75	32	82	11	28	85	25	18	98	13	0	61	88	22	49	56	67	74	64	21	94	92	57	11	99	20	54	1	94	65	43	38	97	49	97	6	0	37	61	8	14	7	68	43	90	49	20	50	81	21	57	31	84	91	55	82	79	93	2	92	49	63	13	83	87	70	
24	61	42	51	90	99	17	21	19	35	44	14	43	43	8	9	30	84	64	99	100	69	5	62	5	5	7	14	65	84	40	27	27	67	91	20	82	45	84	77	53	79	14	58	63	91	47	75	75	82	45	4	96	19	96	97	63	19	93	25	30	9	11	61	66	83	89	33	39	19	93	49	42	52	72	51	93	37	37	61	80	70	36	4	19	88	2	64	87	100	9	41	55	78	20	13	5	12	54	63	
79	39	85	7	29	28	42	50	95	19	3	93	76	94	25	16	79	32	16	45	88	16	36	77	77	70	62	68	79	39	43	35	86	4	80	61	70	82	11	5	37	92	10	20	83	87	34	44	42	1	30	53	25	25	53	41	82	8	61	21	22	80	5	11	14	45	43	72	96	92	39	35	56	79	25	87	33	16	21	76	91	19	53	54	15	36	11	56	40	33	6	44	45	41	39	34	67	40	31	0	
82	90	63	13	7	29	52	83	9	16	6	44	72	75	12	41	38	77	60	26	35	78	49	78	69	38	57	85	52	9	42	60	92	45	98	18	47	2	10	4	97	48	46	64	7	32	78	51	90	35	95	2	59	30	25	80	99	75	15	29	97	43	36	96	70	43	39	100	17	42	30	85	98	99	20	66	78	62	96	96	25	42	28	79	22	76	21	84	42	18	6	51	89	93	81	50	19	0	35	42	
62	22	62	67	32	41	92	70	99	50	21	10	94	67	97	73	71	68	73	53	21	78	50	67	72	46	18	14	7	40	82	31	31	5	69	40	85	25	21	54	19	64	31	48	50	54	11	11	73	44	11	77	77	61	42	99	8	55	16	33	25	29	89	29	38	77	57	93	96	92	54	84	58	26	90	26	33	4	45	76	4	7	95	37	13	85	41	5	6	65	39	21	48	16	69	92	66	46	54	66	
86	27	28	68	21	73	69	88	19	7	64	52	30	9	22	16	88	94	97	80	49	60	75	84	19	60	90	90	66	72	49	60	63	44	44	83	55	80	14	52	33	73	55	94	81	58	24	65	89	50	87	2	91	62	52	38	19	36	54	9	93	16	93	86	83	0	7	31	66	37	70	39	36	3	83	65	47	67	46	42	95	72	68	25	13	94	7	30	61	91	23	95	55	100	46	83	52	23	97	54	
100	50	96	17	84	89	72	92	89	62	5	91	75	89	49	42	2	82	19	75	35	75	88	61	89	53	8	9	77	21	96	98	43	7	95	46	31	81	68	3	24	85	28	61	20	12	11	80	75	86	33	8	39	29	67	31	18	54	30	3	83	45	22	54	52	28	57	25	77	0	98	81	58	14	89	19	92	7	1	7	0	37	84	73	11	26	76	50	37	26	64	56	46	86	27	43	44	26	59	4	
34	64	28	93	84	63	46	95	35	87	73	61	70	65	39	70	66	30	78	73	43	16	93	79	7	60	12	32	31	57	17	52	12	6	38	84	49	40	17	47	31	52	40	64	58	29	38	4	99	7	28	79	15	52	28	67	22	33	81	28	91	68	56	56	25	19	17	87	91	32	46	92	66	58	32	4	7	8	98	58	86	0	80	15	9	33	43	23	24	19	21	94	44	94	71	39	26	20	38	80	
86	48	8	64	10	4	0	66	11	7	64	24	73	92	56	90	100	86	81	71	62	6	93	1	41	2	63	29	48	44	65	19	41	9	23	99	53	19	99	88	90	42	16	32	50	6	22	8	57	90	54	17	63	83	23	75	7	72	34	9	88	40	57	18	47	22	96	23	37	12	73	98	82	38	50	70	20	99	60	80	81	82	69	52	10	45	19	100	27	93	56	24	16	24	55	15	60	50	85	4	
50	0	37	20	8	86	2	100	100	30	18	14	31	63	41	99	75	29	4	77	88	46	42	32	78	9	90	44	28	19	62	61	7	13	11	44	86	83	45	75	98	21	86	48	37	93	39	45	24	17	66	9	78	66	54	35	94	2	48	25	10	18	95	5	97	86	66	97	19	56	88	79	80	14	78	16	45	73	100	42	70	25	95	96	6	77	100	46	42	38	10	55	59	62	37	99	93	82	45	98	
74	45	14	31	57	39	24	96	79	92	35	73	8	39	92	29	44	9	62	7	45	57	24	56	89	69	16	85	58	27	42	25	53	17	21	89	52	16	65	78	62	6	32	34	42	18	18	42	9	45	93	65	93	74	11	12	94	71	21	75	78	22	83	93	30	69	22	63	14	9	5	7	21	28	10	43	20	100	41	45	47	66	16	67	7	44	63	83	36	64	0	59	55	39	87	25	56	47	15	23	
66	82	58	65	64	100	82	21	74	69	5	62	39	46	41	82	56	52	84	41	35	12	44	66	95	32	51	49	69	30	56	11	46	82	26	39	39	53	52	67	88	86	7	25	15	63	90	38	67	5	44	0	90	93	71	64	61	10	22	18	99	85	69	89	16	23	44	7	94	91	68	83	38	97	58	8	54	25	34	42	90	32	87	82	90	74	9	41	93	33	47	39	7	50	54	13	65	1	54	28	
4	24	83	96	88	22	54	50	99	86	2	43	82	27	30	92	49	21	96	1	31	42	19	79	58	18	33	15	41	16	19	59	65	69	99	70	55	89	84	96	46	19	60	56	89	49	14	89	100	14	5	77	81	72	12	27	25	65	67	15	80	92	26	72	21	13	40	86	91	37	93	50	9	42	69	60	77	93	60	13	23	24	34	86	99	88	70	39	25	41	16	49	16	77	45	81	100	23	91	80	
8	44	3	93	79	8	60	29	70	38	50	68	42	81	24	47	22	34	47	79	13	64	77	90	71	36	52	68	31	61	70	24	8	2	3	89	83	10	95	19	98	74	87	35	18	36	100	90	9	48	31	97	9	15	12	8	14	99	89	63	25	2	77	48	50	29	10	23	51	3	64	7	20	30	55	17	68	68	73	73	71	15	51	30	71	99	1	16	0	29	68	38	66	93	74	86	44	6	92	21	
15	60	4	99	82	0	100	60	47	41	41	76	79	80	13	64	83	32	64	47	81	68	62	92	64	44	37	67	25	78	23	74	52	60	39	77	13	76	84	35	9	91	83	84	88	45	76	23	19	7	49	38	21	92	57	75	80	74	93	67	3	53	11	22	31	28	5	42	44	96	22	10	52	61	28	62	88	8	86	57	18	10	22	43	85	65	57	1	98	30	56	51	44	31	100	41	30	76	36	95	
72	46	24	1	42	100	44	23	24	46	93	33	16	23	63	73	61	26	20	92	37	46	78	57	5	32	14	7	71	93	74	6	46	24	6	22	13	20	52	3	67	73	13	79	77	26	97	60	99	61	20	95	16	41	63	20	70	63	8	4	76	94	54	55	78	28	5	52	13	60	1	67	11	41	85	4	86	85	76	52	0	79	60	40	82	61	2	78	20	34	10	3	49	56	67	39	36	7	29	67	
82	10	94	100	90	23	1	44	90	52	86	85	12	12	9	37	87	42	28	52	11	39	80	32	16	34	32	58	61	54	90	81	52	7	78	94	22	62	67	90	53	73	80	79	74	98	44	45	99	8	25	53	83	21	53	29	40	73	82	1	89	11	27	30	43	95	100	23	47	76	5	47	54	78	94	85	1	88	58	85	62	33	94	21	20	65	49	13	88	98	90	83	60	99	59	57	87	68	86	83	
67	46	92	7	6	82	71	10	80	73	22	72	61	33	94	96	83	36	58	94	88	77	62	76	64	60	20	83	83	60	49	92	55	91	55	2	8	12	83	95	60	21	67	52	85	33	15	9	20	65	33	50	35	92	34	70	38	89	0	79	86	59	9	68	80	97	78	71	17	30	19	41	34	25	63	17	93	0	65	3	94	20	38	76	27	32	85	19	20	37	41	63	0	65	24	4	52	33	68	55	
96	98	59	77	79	67	56	37	13	9	20	25	3	43	83	32	24	89	84	49	25	63	65	58	72	97	40	63	39	69	26	23	5	97	84	11	21	75	52	95	89	16	12	28	41	22	31	26	67	31	69	64	69	99	37	25	41	33	79	14	31	42	44	71	35	87	40	16	92	38	35	76	38	81	55	84	78	7	92	91	60	33	28	3	79	7	83	13	83	95	51	67	63	58	47	15	54	72	10	96	
0	78	98	62	25	19	54	58	9	36	12	18	84	40	42	74	52	17	88	51	26	92	9	72	62	66	100	16	89	30	31	46	41	96	1	90	72	95	13	58	6	22	32	52	72	41	43	27	32	15	79	18	67	59	83	23	75	71	95	10	94	39	69	44	63	90	91	40	57	32	26	64	46	81	75	47	29	1	4	5	25	92	95	100	53	28	2	90	50	69	13	43	28	94	35	96	99	44	32	11	
12	54	10	54	36	41	40	57	25	68	5	35	41	23	98	73	16	96	25	54	25	23	94	33	8	24	62	100	78	2	78	31	10	74	67	18	45	28	56	96	4	59	24	96	33	4	95	21	80	54	87	78	40	56	12	94	42	62	88	26	3	20	55	19	58	11	21	27	38	70	96	56	81	88	96	5	83	85	54	38	84	49	20	36	31	74	86	65	83	84	66	93	68	17	26	27	74	68	12	45	
2	76	69	46	87	34	11	81	85	14	68	60	39	91	71	25	62	14	60	88	91	54	34	80	24	46	71	56	84	16	7	7	79	68	82	14	34	34	7	30	1	91	68	48	18	5	16	96	16	56	20	41	38	79	45	30	94	10	5	32	46	79	37	30	50	90	64	18	48	7	58	7	45	71	2	78	16	17	14	14	65	5	68	88	33	21	64	74	41	3	69	48	65	11	2	84	56	33	56	1	
36	38	59	31	21	22	92	23	8	93	1	90	79	87	8	41	86	9	67	61	55	25	29	91	57	51	82	71	31	56	12	27	44	36	99	54	71	88	99	45	69	80	6	81	31	61	83	60	42	93	11	86	16	64	44	44	28	45	85	4	79	36	12	11	5	74	92	53	38	54	83	41	51	8	85	92	68	77	22	36	42	58	33	83	97	38	17	56	50	61	91	47	27	23	7	100	47	25	32	72	
8	66	19	15	20	29	7	39	31	38	25	48	8	40	22	59	7	66	97	51	86	87	53	16	64	67	24	85	18	5	65	100	13	83	9	66	2	79	58	69	35	28	90	12	64	35	26	66	29	88	15	88	84	100	20	99	69	13	99	65	39	67	92	64	35	100	86	85	8	18	30	51	12	82	42	19	4	80	95	36	32	97	47	63	85	77	76	23	74	53	99	8	34	94	78	67	28	15	75	10	
60	8	73	73	8	64	81	70	1	98	87	22	20	13	9	19	51	88	49	60	45	82	65	39	80	68	12	68	17	79	97	80	19	99	93	38	83	48	53	5	74	20	11	31	39	46	55	65	70	40	75	68	12	6	75	98	22	51	77	68	53	33	95	80	45	92	39	73	60	37	33	49	82	0	42	55	84	91	81	75	88	9	90	64	12	57	35	75	49	22	19	8	62	18	50	93	80	29	53	22	
55	0	34	60	60	58	49	90	14	72	80	26	18	57	17	7	8	16	77	55	44	49	35	4	9	59	54	93	42	98	95	89	62	88	21	18	32	30	97	73	75	9	78	74	68	84	8	69	53	24	10	41	30	35	45	85	4	25	68	43	49	4	25	62	44	43	22	41	17	34	12	19	8	92	69	50	22	7	21	89	10	31	37	14	85	35	30	30	67	77	11	11	50	14	85	15	16	8	98	97	
70	97	95	1	32	20	15	12	42	0	45	32	81	28	70	46	33	38	24	47	17	19	47	70	16	5	43	40	97	75	61	21	14	15	8	58	75	41	17	13	22	27	16	19	47	6	15	17	79	15	81	67	60	23	48	76	62	4	66	43	70	97	41	62	46	90	92	66	80	67	60	93	23	84	72	97	26	81	100	20	95	41	13	71	5	38	27	4	19	4	85	97	12	14	15	38	82	25	74	17	
6	11	14	58	60	44	40	83	10	17	18	14	70	6	38	6	15	35	9	57	37	85	92	31	19	78	19	76	26	79	23	43	36	97	78	84	33	44	79	58	77	53	75	40	75	3	99	49	51	36	46	71	41	3	4	36	4	84	21	86	64	36	35	0	43	58	73	16	70	24	9	23	81	50	34	16	73	46	94	39	47	53	97	47	4	88	72	23	15	85	25	84	55	27	43	82	31	57	61	82	
80	18	2	15	99	58	91	98	34	92	97	10	68	19	86	49	44	34	4	8	39	15	66	77	65	74	97	100	60	55	56	68	88	17	64	8	31	45	22	68	57	100	61	60	24	1	81	70	10	99	92	100	34	36	69	57	99	39	11	59	7	47	55	100	59	16	72	92	94	75	13	41	88	63	74	43	81	32	56	76	24	54	25	84	84	41	34	96	46	6	97	12	34	16	96	51	38	87	77	94	
80	63	12	37	69	46	50	37	83	23	62	75	95	5	25	30	13	73	100	66	21	97	3	15	27	30	39	4	70	53	75	7	49	29	44	43	24	17	46	63	93	73	46	18	86	86	32	46	34	68	65	64	49	54	40	11	33	47	29	23	27	48	35	87	7	83	72	94	26	23	16	39	10	93	55	39	8	59	47	70	64	33	25	42	17	52	39	28	65	78	20	65	84	29	25	28	54	0	40	22	
47	10	30	13	32	30	10	16	92	10	99	90	86	99	73	98	52	21	63	2	98	74	58	5	61	15	3	22	98	1	18	62	86	86	1	21	22	81	26	50	50	80	86	66	7	53	88	65	48	22	34	64	11	85	61	65	86	64	42	88	27	91	8	75	38	22	88	19	92	33	38	63	10	25	39	51	87	64	97	36	88	43	91	40	22	80	63	46	79	12	60	66	7	49	54	29	83	84	21	79	
60	20	53	20	53	4	72	23	87	35	31	61	9	93	46	84	2	45	2	28	31	18	64	7	20	31	72	78	57	66	60	83	49	50	0	30	60	76	41	34	85	19	62	84	47	17	25	18	20	62	39	97	1	10	63	43	32	1	19	74	21	60	50	77	3	52	86	99	96	49	91	96	87	23	80	87	42	36	51	63	60	38	78	20	63	76	68	36	44	61	41	8	1	32	86	59	38	92	52	14	
91	74	7	91	48	99	56	17	27	41	82	2	73	5	90	23	13	46	4	71	92	77	52	75	25	83	86	4	58	52	82	41	61	23	59	58	25	38	1	90	65	22	95	81	63	37	63	93	74	82	56	63	9	35	22	38	38	59	54	59	26	79	78	69	2	53	71	26	76	66	38	87	34	97	74	18	36	52	3	45	24	14	19	93	29	19	37	66	78	99	57	3	62	57	54	95	24	28	10	70	
21	87	70	50	57	58	41	37	42	45	77	27	32	22	64	31	3	10	8	65	60	63	81	68	3	47	35	82	25	67	96	90	64	82	98	72	58	55	23	86	13	22	70	76	62	90	59	71	6	45	79	77	94	74	46	60	16	53	22	44	62	61	12	13	69	2	39	54	63	76	66	16	57	50	28	25	88	46	21	62	50	45	7	2	52	85	94	100	30	0	11	16	46	88	92	79	74	12	65	24	
12	95	82	45	99	62	93	87	65	93	59	55	5	60	31	4	3	32	41	40	95	27	99	88	8	86	13	39	98	71	2	94	98	92	5	28	53	63	69	55	16	55	49	85	16	96	34	4	1	40	65	82	21	98	47	79	75	82	99	79	95	28	53	94	63	94	88	34	37	13	56	16	43	29	6	43	37	84	72	49	39	71	52	48	59	7	98	77	83	62	88	80	14	7	47	43	53	20	25	40	
30	63	1	36	98	35	42	42	78	10	67	71	59	10	82	31	84	39	46	5	83	27	89	95	28	63	17	43	24	40	9	34	38	86	51	65	59	100	68	58	87	40	43	21	52	44	13	32	87	65	50	48	41	97	87	14	20	26	50	25	55	50	87	43	92	49	34	90	36	79	78	79	44	72	65	12	87	14	2	28	14	23	2	59	85	43	88	19	87	31	13	82	37	71	50	32	81	51	44	50	
4	7	83	20	26	79	38	95	30	23	24	14	45	95	2	43	49	75	85	8	4	87	37	84	58	11	21	57	84	88	15	59	48	24	12	2	70	43	59	93	81	98	53	96	11	76	79	77	70	42	59	86	40	81	96	90	83	93	66	57	87	35	59	24	86	50	50	66	97	83	79	80	86	46	56	69	98	93	71	62	76	88	78	7	81	84	73	94	18	91	37	97	66	34	79	97	30	74	81	16	
0	9	59	45	86	19	9	68	28	88	12	87	27	70	49	76	91	0	83	80	95	68	48	33	76	15	67	49	100	83	99	33	59	4	40	17	91	56	64	15	93	95	29	61	19	15	53	88	94	93	6	37	7	47	91	77	60	22	31	100	48	37	65	50	43	59	27	6	6	52	51	23	40	76	7	38	83	43	11	63	20	17	77	13	78	46	61	88	46	24	8	58	19	20	50	54	44	0	40	23	
99	5	53	99	86	21	8	72	96	48	73	83	33	92	9	25	95	87	29	68	28	71	51	44	73	71	48	90	50	97	69	77	51	10	71	49	10	9	46	43	16	50	36	65	31	14	12	47	90	93	50	0	13	94	60	61	31	68	82	31	30	59	76	48	32	68	30	18	71	59	6	93	60	69	26	12	85	82	92	14	47	67	12	97	60	12	12	96	18	59	78	4	63	63	8	10	81	99	64	5	
34	48	57	82	18	9	87	90	46	60	96	75	6	49	83	25	52	70	1	58	20	52	99	80	67	26	38	97	83	46	0	63	51	7	6	78	94	62	48	34	95	40	46	69	8	35	82	54	12	99	67	94	62	76	96	4	92	53	78	61	93	70	41	85	20	81	73	22	77	25	42	3	85	60	20	69	1	16	32	77	72	65	46	86	78	29	47	48	5	21	60	99	47	20	98	14	0	35	36	81	
47	13	84	51	43	51	97	75	16	8	37	9	74	32	34	86	96	31	45	42	93	17	15	56	72	50	8	7	87	36	31	43	90	29	82	77	63	100	14	62	30	23	76	71	72	74	30	17	73	23	11	95	18	42	9	18	69	59	1	9	57	8	90	20	67	33	73	50	50	97	86	67	11	14	25	22	87	75	45	14	41	45	77	27	27	53	13	69	23	15	76	7	91	84	98	68	54	46	18	17	
34	8	96	56	76	5	72	99	14	29	75	55	38	89	94	6	99	72	5	27	53	76	4	68	20	12	11	78	73	66	30	39	75	40	7	100	60	19	79	41	33	31	35	45	73	79	33	70	14	69	26	60	32	70	72	48	93	60	63	16	62	26	99	93	53	97	20	65	55	23	44	2	54	89	19	66	24	14	26	3	45	58	8	26	33	22	16	21	32	27	49	89	7	80	80	87	9	92	13	18	
14	58	21	38	38	94	58	53	66	4	8	23	16	30	40	88	1	35	26	99	27	3	56	98	62	96	23	7	87	93	26	50	39	99	46	78	97	82	98	2	21	9	92	48	37	24	68	68	6	17	65	10	42	39	23	75	91	18	71	66	73	99	9	48	17	100	85	75	16	35	66	5	49	32	52	63	40	52	20	72	57	89	63	71	43	14	41	32	69	86	4	54	39	24	68	81	12	26	17	84	
99	98	35	25	27	16	58	85	0	56	46	47	53	97	28	74	32	79	59	45	91	53	83	34	54	73	42	59	37	6	89	2	26	99	91	11	79	15	18	23	38	94	85	64	82	58	42	68	35	7	79	67	33	29	23	80	21	62	93	10	40	43	2	79	81	68	65	97	12	23	96	92	57	100	63	61	65	56	23	28	82	82	46	70	17	51	96	56	92	10	84	79	84	90	2	29	34	92	4	82	
0	9	3	35	86	61	82	50	85	77	27	63	95	52	24	53	39	46	61	93	14	19	69	50	37	100	49	70	46	46	97	96	15	20	50	68	66	2	91	91	28	91	70	39	97	19	57	1	33	44	48	11	18	93	34	9	87	10	56	22	68	54	78	95	94	65	19	40	30	96	24	38	0	98	43	33	2	11	26	17	39	39	42	22	62	45	48	1	73	41	52	27	72	29	61	1	66	8	25	93	
29	10	76	65	3	6	65	38	7	11	36	55	49	45	26	93	87	69	46	22	1	56	16	100	79	75	32	4	78	85	69	8	64	17	11	100	1	25	14	95	98	3	84	67	53	54	51	100	33	53	97	53	71	42	44	70	56	51	61	78	99	76	6	45	50	15	31	71	55	0	40	46	90	3	93	7	91	73	22	60	58	98	22	65	7	24	37	23	22	5	28	100	90	27	83	26	51	12	24	55	
100	21	100	98	45	39	28	90	19	77	61	72	38	80	8	76	82	32	44	82	29	38	3	83	46	96	80	77	36	73	35	65	9	57	17	19	99	25	28	3	46	97	37	5	67	73	43	33	0	45	94	46	41	85	62	50	3	2	83	76	76	51	3	31	51	99	85	6	51	31	45	77	75	68	86	85	95	69	96	99	96	9	83	29	48	75	71	1	67	86	39	3	93	15	79	77	56	100	47	28	
63	100	35	96	33	4	33	63	65	39	24	60	25	32	1	50	41	59	44	98	34	69	95	59	82	78	77	14	54	22	90	46	84	98	55	90	34	74	99	0	1	35	5	1	65	36	16	61	37	47	2	72	75	17	65	49	92	31	96	1	26	74	20	28	81	72	86	2	83	73	61	47	52	99	30	66	66	58	71	60	35	5	20	83	27	62	56	87	11	21	22	84	56	3	44	21	99	17	12	74	
6	20	59	69	43	59	20	50	100	82	95	80	81	89	60	39	24	8	82	44	88	32	32	22	76	63	89	84	38	80	42	98	0	10	16	54	62	92	23	63	69	63	52	84	74	91	83	90	52	0	19	26	55	100	74	37	46	22	75	33	87	14	100	46	87	99	30	56	18	2	59	51	46	78	47	8	33	30	42	6	88	88	40	51	22	100	11	65	95	85	29	41	47	100	83	82	80	9	83	46	
25	93	38	73	85	33	60	47	99	88	97	84	91	73	50	6	41	31	49	71	42	88	24	83	86	100	75	53	75	93	90	42	23	26	35	63	98	7	2	85	52	65	91	30	84	30	41	80	48	88	48	60	48	34	74	64	90	64	88	38	88	56	9	75	15	90	47	79	35	87	83	24	76	59	6	60	46	22	25	87	17	9	63	43	32	13	34	29	31	84	9	12	89	24	45	62	2	65	87	3	
59	71	58	90	98	63	77	55	27	71	22	61	15	88	74	18	70	53	41	8	78	60	46	29	39	63	12	10	54	11	17	62	68	5	95	27	63	8	96	30	55	15	91	61	30	97	39	68	52	0	32	96	34	31	82	21	23	31	28	36	3	71	42	73	26	12	63	7	10	15	31	24	89	50	66	46	5	2	39	34	11	100	14	66	35	96	58	64	98	88	5	75	52	13	89	82	3	26	5	23	
60	66	88	40	11	74	0	90	88	4	52	95	54	93	30	2	56	98	33	45	47	29	32	0	61	34	80	73	32	91	34	89	69	49	9	71	79	12	29	61	41	30	88	67	74	89	100	36	37	77	47	35	76	89	0	42	54	48	88	28	76	60	48	87	98	27	41	75	44	71	83	24	5	88	91	63	19	65	25	51	68	74	50	78	11	24	42	44	5	56	8	11	13	93	96	31	88	44	85	53	
85	44	25	83	75	61	81	57	68	10	58	81	54	34	85	28	52	72	77	53	23	13	22	4	13	55	2	54	61	86	26	39	80	47	89	54	75	29	93	67	94	68	89	1	6	58	48	83	92	62	37	20	94	6	46	8	84	87	19	19	80	60	59	68	56	0	30	90	80	24	5	71	97	5	96	64	80	60	67	13	7	40	61	53	81	21	56	46	3	27	12	91	4	61	10	8	7	60	28	90	
79	71	72	78	8	82	85	45	31	28	100	59	71	11	11	31	0	8	84	95	26	20	85	95	74	14	32	2	20	81	95	50	72	19	24	13	93	13	23	44	57	96	90	15	42	24	89	94	16	18	61	55	32	48	33	35	99	20	14	21	56	48	53	37	2	95	56	73	97	10	40	51	27	11	88	11	65	23	19	17	17	51	7	93	0	90	33	82	11	64	45	44	50	80	99	62	98	5	31	61	
13	93	5	42	65	1	77	75	54	23	14	31	89	14	89	0	40	63	6	0	47	65	78	9	17	84	37	10	1	94	55	7	13	56	45	62	75	57	1	75	86	79	82	30	23	95	4	93	18	54	26	67	29	28	65	15	11	73	93	81	20	24	79	65	5	30	31	44	81	58	62	55	81	54	50	73	86	37	10	49	50	45	2	59	91	58	78	11	2	51	60	96	30	6	81	47	37	42	38	30	
90	30	71	14	60	33	42	99	60	68	72	95	43	43	32	28	1	92	90	52	91	85	54	28	93	81	97	68	13	87	74	68	15	82	51	35	37	91	29	86	68	20	92	8	11	68	34	94	91	44	36	7	48	97	43	50	69	88	60	90	98	70	93	68	10	54	1	56	8	16	9	63	40	21	65	98	56	69	32	51	91	15	97	96	6	73	38	81	56	88	2	73	13	40	88	30	53	4	77	45	
82	61	7	81	100	64	55	86	11	72	27	19	65	14	64	12	76	14	70	44	74	79	35	34	34	64	95	43	61	62	77	49	30	81	95	14	87	39	14	93	45	91	80	39	30	38	55	17	66	83	59	86	76	22	49	81	60	17	37	43	13	66	77	89	78	90	94	16	12	71	40	94	88	29	16	38	87	32	73	80	100	2	73	68	66	66	25	75	94	5	37	28	14	52	23	40	10	33	38	95	
84	76	60	77	28	24	41	93	54	87	38	83	76	34	6	50	57	19	83	45	56	43	9	44	37	90	48	90	10	76	1	21	79	74	12	8	57	85	68	43	34	29	2	59	44	36	89	2	14	35	55	75	98	51	89	75	78	37	55	87	33	25	89	75	64	75	5	1	47	23	84	39	42	80	36	85	85	34	21	16	62	9	14	49	52	10	41	81	52	13	46	100	74	7	91	82	8	6	11	59	
82	3	83	45	38	28	23	0	13	74	19	61	64	55	50	34	29	6	58	75	76	17	94	39	99	100	55	6	54	90	93	26	23	47	21	99	66	58	68	41	63	6	27	79	49	72	100	47	95	26	51	9	45	89	9	20	98	2	22	47	13	37	8	28	67	22	55	44	17	53	86	27	66	74	28	8	43	90	43	62	58	89	71	90	50	24	95	18	2	96	70	6	10	76	56	3	25	81	12	76	
22	27	70	23	21	28	69	93	22	68	99	65	29	16	96	89	34	68	50	7	84	28	17	62	39	82	77	60	52	29	1	69	72	32	47	91	65	14	83	0	37	30	63	25	65	86	73	19	75	11	14	75	54	61	86	1	2	96	32	81	97	53	15	33	67	38	60	52	97	77	35	30	9	61	76	87	95	65	49	55	1	84	4	68	5	91	45	4	21	1	55	19	17	87	42	75	71	8	66	17	
39	83	84	93	52	9	94	66	53	90	5	42	17	16	99	58	74	28	95	34	15	86	61	0	64	65	31	33	77	3	0	44	94	43	58	56	13	64	25	56	86	19	58	73	21	13	73	41	25	43	84	31	5	91	97	83	41	91	97	49	89	11	98	29	71	58	49	89	97	74	14	76	89	32	62	27	84	72	67	4	72	75	98	51	70	52	76	51	46	4	88	13	36	90	4	37	86	74	64	9	
71	83	27	73	29	4	38	81	8	47	56	72	61	9	28	87	59	9	24	43	1	30	58	12	51	85	23	59	49	55	27	77	63	35	10	84	69	11	96	27	89	79	97	92	88	24	35	72	57	86	12	38	83	44	70	36	59	73	55	15	89	69	8	8	69	60	99	69	98	97	9	93	34	28	56	23	68	85	26	88	28	32	68	72	48	76	4	33	97	70	26	60	45	13	73	44	5	38	49	77	
36	81	85	7	77	59	59	44	74	68	60	66	16	68	2	21	38	14	71	100	5	78	12	45	89	98	15	46	80	74	22	96	48	54	59	22	14	77	87	6	64	91	17	90	11	53	9	16	0	48	46	24	43	71	33	83	25	13	8	61	16	46	19	91	8	14	54	19	22	89	57	76	89	12	18	79	28	68	74	62	78	64	10	79	43	49	71	74	25	29	81	71	82	89	27	88	41	90	44	6	
21	6	21	47	40	68	0	76	6	29	29	35	80	77	10	72	79	49	15	84	94	30	96	8	50	25	70	86	93	41	63	62	6	29	85	46	12	69	33	95	74	54	21	13	27	99	5	97	34	43	17	55	20	10	77	85	72	39	31	64	17	28	68	83	7	98	50	65	49	41	9	44	32	54	8	14	86	76	19	52	29	28	73	71	59	23	98	2	17	92	52	12	34	18	97	32	30	62	56	96	
74	71	13	15	79	77	0	77	30	4	44	68	16	79	91	64	41	67	98	91	56	82	73	44	26	71	13	38	14	51	10	22	20	14	70	98	58	53	11	50	12	36	99	37	27	37	82	96	65	11	61	37	58	30	73	61	1	71	94	7	64	93	51	36	35	30	10	52	6	41	78	36	28	100	40	41	56	75	91	86	14	62	53	39	96	66	20	69	64	47	71	32	60	1	82	78	34	39	80	85	
17	56	21	54	73	22	57	15	56	9	28	71	15	0	80	29	42	3	32	94	78	66	34	27	86	31	99	40	54	41	0	36	92	78	23	43	14	66	73	94	47	28	6	80	97	86	87	18	95	86	24	84	100	85	34	34	60	96	36	70	63	48	93	12	47	84	42	1	26	7	88	17	99	32	99	86	34	50	10	59	12	19	86	6	45	75	69	79	95	89	97	8	10	58	10	46	79	29	71	83	
98	64	19	43	74	73	76	55	97	22	6	85	94	23	8	2	20	76	39	85	31	29	0	71	96	45	0	13	35	94	26	78	47	41	42	60	21	74	68	83	72	97	22	74	28	68	92	9	90	87	33	67	66	69	45	19	18	7	43	81	80	71	56	98	84	24	16	21	38	95	24	3	45	26	92	36	56	66	51	47	3	2	53	71	48	53	73	76	36	100	41	85	76	29	46	18	59	66	48	45	
92	79	37	7	52	83	46	22	3	43	9	42	88	83	9	66	19	58	52	70	43	62	36	46	35	55	31	90	50	41	31	72	93	25	24	70	48	71	70	89	32	23	5	56	8	53	48	99	67	87	57	80	2	16	60	30	45	70	81	69	46	30	93	67	21	89	46	41	56	57	45	3	22	85	51	48	23	88	24	84	28	37	18	88	83	83	93	54	19	67	57	72	96	12	29	43	51	98	89	56	
67	84	21	32	64	6	81	49	79	64	20	4	29	34	58	68	22	82	79	2	85	9	23	46	60	62	59	32	2	30	81	5	36	35	2	29	78	75	70	73	57	57	15	86	88	38	33	25	67	65	76	95	54	70	13	15	90	89	50	1	62	17	5	65	45	70	80	25	34	40	67	64	93	82	55	36	13	7	16	97	60	93	12	96	63	65	66	99	92	75	93	35	28	80	100	26	82	35	93	14	
13	12	76	93	100	57	72	48	99	13	48	38	24	56	7	62	67	48	73	26	44	47	63	3	20	65	86	67	91	75	20	56	25	35	23	75	54	95	24	15	80	67	98	87	72	79	10	49	67	30	2	56	97	63	98	71	58	82	1	2	7	91	89	88	36	92	57	93	89	0	97	37	82	35	83	58	1	88	8	79	54	67	29	5	80	25	11	4	42	30	26	76	83	40	85	17	21	68	13	34	
24	89	58	40	72	74	46	29	60	84	28	93	96	60	15	22	81	55	30	51	42	90	23	79	89	42	36	89	44	40	89	79	90	58	83	88	15	96	73	89	35	62	43	98	50	51	77	0	25	86	23	7	30	66	55	19	18	66	94	89	52	54	5	76	74	57	0	90	15	1	76	70	49	33	16	99	38	80	82	29	7	58	90	75	87	77	11	58	53	99	83	56	10	40	20	42	95	26	18	38	
79	80	32	34	66	36	90	34	47	46	59	82	82	21	40	74	51	39	13	11	32	16	78	76	27	41	25	34	5	65	81	73	29	60	93	46	60	15	60	70	1	34	57	80	16	71	57	53	45	48	75	56	97	0	38	38	24	12	87	75	70	26	35	80	84	72	6	62	50	23	76	98	12	91	33	97	48	60	63	55	37	80	60	80	63	74	68	74	93	73	98	11	28	63	2	18	33	32	7	18	
100	66	48	35	0	63	42	48	52	67	21	79	18	79	60	87	64	90	97	75	60	10	82	6	91	49	93	19	3	88	52	0	90	64	4	15	90	2	16	0	58	9	29	76	16	47	99	45	14	0	15	47	2	79	90	2	41	90	95	32	44	66	33	69	60	82	23	2	87	58	47	88	24	72	39	78	67	64	28	70	100	10	100	33	5	5	45	7	11	25	95	53	60	31	3	39	48	84	41	43	
7	79	28	36	41	82	85	55	83	14	99	35	98	61	48	53	24	95	13	17	1	84	19	38	29	79	18	65	36	61	80	83	21	94	40	14	68	98	48	26	78	39	17	36	89	99	27	57	23	12	10	86	11	49	23	0	48	86	39	2	82	96	83	26	22	98	83	77	57	85	35	4	78	65	89	51	11	82	97	56	14	37	48	42	70	13	26	61	35	14	16	64	12	34	21	14	31	13	72	52	
48	53	92	83	57	77	1	88	30	49	5	61	18	92	18	7	98	81	79	74	18	68	95	37	24	6	26	32	44	16	59	81	7	10	16	64	8	65	31	81	19	20	38	74	33	58	18	27	63	68	12	65	22	2	87	100	66	79	49	52	70	1	54	91	58	36	70	56	97	83	26	3	46	33	91	75	64	100	15	13	54	25	27	3	44	7	100	65	100	58	99	70	99	62	88	52	94	9	62	29	
65	75	88	98	18	6	30	75	59	24	92	18	8	92	81	80	76	86	15	61	63	52	78	13	53	23	17	79	31	60	40	4	36	90	12	14	88	98	4	90	21	90	29	5	41	75	27	43	89	16	100	92	11	1	59	80	11	0	79	90	54	73	65	57	35	31	69	58	8	79	12	74	81	54	88	13	84	51	24	57	16	66	99	59	55	12	26	36	95	94	56	73	79	70	0	0	17	88	31	10	
66	48	83	67	82	22	50	57	17	51	44	58	60	85	85	86	69	65	82	23	31	25	68	14	58	16	87	49	97	92	91	63	29	29	57	5	71	5	82	33	98	57	52	74	72	29	20	15	88	92	100	77	27	44	56	87	36	7	57	98	67	95	60	22	1	4	63	41	80	26	32	82	18	92	58	79	35	79	85	5	100	16	49	34	71	52	67	6	9	44	62	26	22	28	65	39	23	65	19	52	
51	50	32	88	58	61	76	70	57	96	18	48	77	68	64	79	65	51	24	85	63	60	71	39	44	51	80	40	95	96	39	42	35	24	65	56	50	7	35	51	79	88	23	94	14	74	12	28	55	12	48	20	32	50	47	21	90	34	16	46	41	51	69	17	5	27	25	42	99	40	85	67	37	85	6	83	84	44	83	3	30	10	19	9	85	30	46	18	36	84	71	76	97	87	8	42	79	80	66	18	
99	55	50	60	95	19	64	12	48	81	9	92	95	41	77	56	13	100	28	1	52	52	69	97	44	6	73	2	7	79	83	61	64	78	48	31	45	86	73	47	73	27	6	54	58	39	77	3	17	67	49	43	89	68	23	60	8	31	72	55	13	55	70	80	60	79	44	77	79	82	63	71	15	47	54	56	27	8	56	87	65	88	93	56	18	79	86	14	35	51	68	40	64	91	43	38	92	77	25	66	
61	71	74	81	54	58	96	83	98	87	8	53	16	56	67	27	73	39	70	49	89	1	68	1	89	55	40	84	54	91	86	23	54	38	95	87	89	3	90	62	28	0	86	12	86	6	44	0	10	31	69	63	6	49	11	36	9	25	36	55	3	98	38	28	68	86	44	62	26	49	72	50	93	26	85	84	47	60	100	98	14	89	28	2	34	0	100	94	81	46	33	40	22	85	0	64	11	11	61	0	
51	2	30	70	78	16	43	32	5	8	84	28	19	61	8	42	65	85	75	65	100	41	99	20	15	37	44	74	23	24	47	1	3	85	22	54	7	64	73	54	45	6	58	9	44	58	53	17	98	74	73	89	92	30	35	74	64	41	10	60	22	41	99	69	91	64	13	69	96	97	30	21	72	81	68	30	11	59	57	77	20	87	98	39	90	37	54	75	26	52	97	19	75	39	67	37	2	80	43	44	
74	89	10	9	0	9	94	16	68	91	22	4	92	75	19	91	67	79	27	8	94	62	1	13	46	82	97	45	37	88	70	64	91	46	20	84	44	29	27	60	83	89	84	23	23	24	34	43	69	28	65	36	54	73	26	32	3	23	16	0	42	95	59	3	61	60	3	12	41	96	85	47	67	100	100	58	27	83	12	82	99	14	28	94	46	29	78	22	76	13	42	0	45	59	31	3	29	79	31	35	
72	8	4	88	64	32	90	59	88	28	66	3	5	21	41	39	65	6	71	67	98	86	53	78	81	4	15	86	43	48	82	13	20	22	8	90	2	34	78	84	80	57	15	84	100	33	75	5	9	23	21	45	94	82	72	5	89	76	95	39	89	37	86	24	34	86	86	80	61	24	80	9	35	11	78	2	15	11	98	75	13	67	58	98	66	84	60	54	33	27	1	35	22	55	13	84	72	96	35	9	
98	99	60	41	78	5	57	29	71	97	47	52	32	22	46	47	44	23	28	31	47	16	74	50	40	77	3	96	98	20	44	46	23	97	45	18	3	36	67	81	87	25	7	52	79	29	29	28	29	72	62	17	68	18	16	44	2	19	86	70	38	93	82	98	31	72	48	94	48	41	24	20	92	9	73	38	35	45	91	76	97	49	93	19	46	27	81	33	92	55	3	32	63	42	49	65	47	82	39	90	
74	14	29	100	84	79	76	70	1	98	63	12	10	74	96	16	24	66	19	32	12	50	51	46	23	96	36	61	42	23	88	43	28	57	1	6	52	82	28	64	51	37	97	1	56	59	90	15	6	63	36	89	82	32	82	75	15	9	17	78	60	16	74	40	14	98	88	80	85	92	16	73	5	79	3	12	78	72	68	67	62	77	70	51	25	57	37	51	85	35	90	75	32	85	27	7	98	51	45	1	
12	44	79	16	95	93	9	4	7	24	95	88	20	47	64	55	24	79	93	35	86	27	3	22	93	51	96	24	4	74	7	64	38	100	100	56	66	49	59	13	18	66	54	54	60	1	71	38	77	5	13	4	27	13	74	47	41	37	26	68	98	57	98	73	76	74	44	14	10	15	28	58	82	45	0	78	52	31	67	91	52	98	16	79	85	42	27	61	89	40	4	99	12	82	42	51	13	4	100	21	
39	43	12	62	15	2	49	80	33	78	75	58	53	38	81	66	57	36	83	52	16	30	43	55	81	29	42	96	28	93	61	20	39	7	28	63	95	79	44	61	70	36	7	1	50	4	84	78	80	34	32	80	69	67	25	85	99	82	95	50	61	39	43	12	10	9	42	95	91	55	2	96	20	14	17	45	81	87	88	0	38	62	12	72	28	30	69	25	22	54	36	91	6	29	76	67	54	34	76	80	
27	21	89	18	41	3	88	39	8	60	83	27	42	14	20	83	65	94	76	34	72	3	52	69	40	59	78	66	78	25	4	6	63	99	34	60	67	34	21	8	14	73	21	26	27	37	29	1	63	72	41	41	81	72	3	73	24	81	20	1	26	80	74	82	70	46	57	32	59	22	36	99	12	25	11	27	2	13	35	22	90	80	44	98	0	28	73	16	78	60	95	53	35	96	37	73	60	88	38	13	
35	54	73	94	36	76	78	22	6	55	40	37	16	86	47	78	67	69	35	74	61	72	48	13	73	63	26	13	95	57	84	93	72	41	49	56	86	83	9	86	39	6	39	89	2	70	31	27	62	33	46	34	94	63	4	6	83	97	68	33	22	35	47	56	44	43	19	56	45	92	17	11	31	21	66	72	44	37	82	7	95	73	86	85	17	7	45	59	50	92	83	3	54	93	68	23	60	47	78	87	
5	85	99	71	46	98	63	99	8	56	17	86	27	83	16	100	46	44	53	33	53	15	18	10	65	68	96	10	3	23	43	66	85	39	41	41	84	64	82	65	7	5	52	75	15	25	50	23	41	3	91	99	32	46	42	32	4	11	54	49	22	86	33	9	14	82	50	11	17	51	83	72	91	22	20	66	75	23	60	28	13	37	95	55	78	8	3	4	23	59	89	6	65	54	86	47	67	26	35	83	
26	43	52	59	56	26	88	3	33	77	56	49	23	76	88	87	75	46	33	6	41	77	89	87	65	16	57	65	54	26	33	30	17	1	93	80	13	84	29	75	17	93	31	71	34	46	45	59	71	25	96	87	67	17	47	43	33	49	51	2	15	77	85	34	83	8	82	22	17	93	68	64	98	3	2	76	82	45	54	87	45	70	92	33	7	14	50	12	98	21	80	29	61	75	92	35	86	35	74	0	
1	34	19	86	35	28	99	49	1	95	45	37	68	6	2	93	28	67	86	88	19	24	91	9	57	63	48	74	40	65	100	38	60	23	29	58	26	62	44	39	98	10	14	4	1	80	41	95	51	36	59	79	39	53	79	80	39	30	38	79	7	43	93	47	33	3	12	3	13	87	18	23	0	50	77	51	22	50	52	94	39	84	2	95	5	93	65	46	24	4	18	90	27	9	39	89	32	30	4	69	
47	3	59	49	17	82	59	47	81	42	42	55	10	61	75	95	60	70	15	53	89	35	13	98	2	57	82	84	82	92	64	26	13	28	85	80	4	66	27	100	96	28	51	40	90	83	11	49	58	69	94	92	76	11	71	38	2	78	86	20	5	85	8	79	56	91	30	97	54	6	30	98	14	40	2	77	92	45	66	44	57	91	59	7	35	10	86	56	54	90	25	55	5	33	81	63	10	28	10	62	
47	21	42	51	48	88	27	0	43	89	59	71	5	41	50	75	64	85	58	4	29	36	61	54	87	83	17	0	88	87	65	4	12	55	13	12	74	6	43	45	2	20	22	29	65	39	88	40	98	91	6	71	35	13	23	64	93	45	46	11	78	67	9	9	88	69	28	17	83	12	50	46	18	65	66	12	33	55	1	79	87	28	36	72	22	67	86	71	72	3	89	38	59	81	24	12	35	76	23	24	
77	38	72	79	89	81	72	9	64	42	61	51	95	47	23	100	11	83	45	95	13	52	67	77	98	26	95	28	90	49	65	11	84	37	3	17	57	57	30	25	21	33	61	50	39	31	32	62	27	58	98	4	81	81	10	90	64	54	87	63	13	22	37	7	9	26	36	49	14	13	41	78	69	6	0	7	69	5	27	64	60	26	95	72	37	30	68	96	54	34	78	86	26	79	90	94	58	54	15	39	
96	99	24	32	56	38	18	54	1	55	64	63	67	48	64	34	63	65	3	66	9	0	96	45	27	11	10	8	93	49	37	83	87	79	82	68	19	67	52	90	58	60	26	20	90	68	28	2	34	55	34	75	44	38	67	49	76	10	36	90	55	75	71	55	22	100	86	10	54	3	47	97	15	80	40	12	27	94	34	94	48	23	58	99	37	36	11	1	84	38	69	76	100	44	65	93	3	24	44	67	
10	6	42	69	84	48	12	37	75	98	45	97	4	63	34	92	6	2	54	64	90	98	11	93	84	45	8	67	72	19	84	67	57	5	55	14	16	28	50	39	12	79	82	76	58	0	79	26	8	29	42	32	22	72	68	13	22	46	35	37	29	7	52	78	53	65	23	100	9	25	92	98	26	22	88	90	31	72	15	73	44	23	79	94	24	79	56	17	65	96	45	25	69	55	72	71	100	46	75	100	
96	76	57	7	99	42	29	27	67	2	49	3	29	25	76	72	60	52	98	34	28	87	62	77	45	66	16	59	50	14	31	27	91	27	79	71	59	47	68	60	37	93	69	49	36	41	39	47	89	85	70	63	20	68	79	63	69	21	22	25	2	91	11	23	71	89	29	21	79	100	5	28	50	69	65	72	35	57	69	16	41	8	67	60	36	72	91	44	37	78	76	54	45	9	96	18	46	54	88	28	
3	40	6	64	41	38	95	55	97	89	21	40	57	43	56	15	50	79	55	27	12	30	9	38	76	26	13	25	81	4	34	9	9	75	83	16	63	30	54	3	35	45	51	38	62	82	82	40	47	48	23	24	50	18	88	15	65	91	24	12	18	31	55	17	91	47	55	70	24	10	43	89	65	47	17	14	28	89	87	70	78	33	98	46	78	6	84	88	70	35	39	51	71	45	21	61	26	33	35	43	
97	9	89	67	55	82	83	7	58	33	8	79	39	60	94	69	45	65	27	49	51	18	34	93	75	96	40	40	3	27	97	63	65	43	100	99	10	61	11	47	95	42	83	88	10	15	51	3	89	66	3	61	40	55	77	60	36	20	87	6	46	66	86	94	61	60	41	16	16	72	20	86	53	67	63	9	33	85	36	98	81	27	84	90	30	90	0	87	45	28	3	81	38	65	56	24	23	34	16	96	
52	87	31	89	53	8	14	63	39	36	13	45	41	38	89	12	59	93	76	62	49	38	89	44	59	48	96	30	32	16	42	37	95	73	94	7	99	96	22	29	60	37	73	79	66	10	10	40	79	82	51	14	5	46	28	46	59	42	94	5	79	19	30	86	12	25	77	35	97	93	57	87	94	47	91	44	61	23	49	14	53	91	59	20	65	90	61	87	55	99	25	99	14	3	5	31	34	10	38	53	
63	69	92	74	59	44	1	88	39	52	62	26	4	29	13	86	95	67	78	8	71	37	30	59	25	68	74	98	0	94	12	54	73	58	69	43	42	52	64	37	45	50	30	14	78	85	19	37	59	44	10	20	81	98	70	29	27	89	82	66	79	19	8	4	3	90	38	46	35	76	60	93	48	16	36	28	58	60	80	22	86	15	82	60	83	67	22	43	45	30	22	49	38	87	43	8	71	56	6	30	
3	3	11	46	25	78	74	36	9	78	9	58	76	54	63	52	23	86	52	32	17	43	83	27	82	10	81	44	18	77	15	37	19	50	68	24	69	49	50	54	0	36	29	30	100	63	94	54	70	77	74	32	31	54	23	72	10	40	88	17	13	79	73	37	29	45	34	39	86	67	91	90	42	62	82	43	63	48	63	67	28	78	62	10	15	100	47	92	24	66	82	41	33	98	68	79	93	95	80	98	
93	86	61	30	7	25	74	73	75	15	79	64	14	26	6	71	98	62	45	47	63	64	94	28	86	78	72	93	4	97	60	51	63	0	7	27	77	13	97	50	26	35	61	88	33	57	41	53	32	89	50	45	21	20	80	79	50	62	94	3	50	98	46	25	100	0	62	75	87	19	87	88	11	93	99	98	96	58	64	6	39	47	29	14	79	87	14	87	37	32	26	71	33	8	64	28	60	63	22	29	
80	19	46	24	28	16	13	37	2	22	49	37	41	96	49	8	0	55	8	41	4	42	3	88	42	73	22	86	85	11	48	54	65	75	86	19	41	60	39	30	0	87	85	29	15	95	29	24	88	65	73	26	91	86	66	16	32	92	89	1	34	71	32	82	94	21	67	28	16	58	73	33	69	71	26	79	74	53	66	74	14	80	92	99	5	92	69	3	1	67	55	23	88	11	57	82	8	10	5	1	
97	24	85	28	65	41	43	18	60	90	47	75	69	83	100	67	78	55	49	39	81	17	35	1	89	65	92	100	53	77	80	19	24	44	33	74	58	55	58	60	0	19	35	8	49	11	44	89	91	45	44	33	73	47	21	56	95	49	68	46	96	76	37	2	89	45	7	59	32	43	2	79	78	79	18	79	9	98	64	71	63	7	77	47	39	56	38	44	71	37	40	68	53	93	77	67	81	7	0	73	
67	60	10	39	1	56	64	58	54	80	11	35	82	9	70	57	93	51	39	61	5	53	65	33	86	54	43	84	23	88	25	90	0	52	37	21	87	44	4	45	7	48	22	44	2	7	96	76	58	34	14	37	31	64	43	38	37	32	30	38	60	54	71	67	0	42	96	68	98	67	25	61	65	34	75	69	86	42	83	32	0	12	52	57	31	46	27	20	96	40	23	40	75	1	4	14	45	16	45	68	
50	93	63	86	45	34	72	14	78	6	30	14	67	100	69	74	90	93	28	11	48	47	71	67	61	97	27	64	63	53	86	50	58	87	80	88	0	84	38	49	2	25	52	35	9	29	70	75	66	100	78	53	36	21	40	39	42	43	21	37	34	60	14	49	45	43	54	56	11	84	51	30	18	41	67	97	100	19	70	43	0	97	83	26	55	5	21	91	67	44	99	48	94	60	42	61	88	71	81	24	
77	62	23	82	100	24	43	14	15	37	8	86	98	83	23	28	73	18	66	27	90	12	62	42	83	67	39	47	12	69	25	81	10	81	53	93	52	60	73	45	79	96	45	79	57	55	18	35	72	54	21	33	91	81	62	71	72	90	100	16	67	61	45	70	32	2	11	15	21	87	40	20	24	16	4	22	41	15	98	40	79	23	39	64	67	28	42	75	17	7	93	41	72	18	61	29	3	13	84	20	
87	23	68	58	13	59	62	26	65	90	24	50	28	3	21	43	70	39	65	97	61	96	21	82	75	55	84	80	50	27	93	61	12	57	32	62	59	79	41	32	9	98	60	92	88	29	44	51	19	38	46	73	29	66	53	33	20	92	19	2	6	33	77	5	78	70	63	61	83	37	73	21	6	24	6	26	51	15	84	16	75	11	79	86	35	83	47	5	39	63	54	6	44	66	87	96	48	43	42	44	
76	85	54	78	72	31	58	36	93	52	8	78	96	31	50	77	45	72	10	45	5	17	36	22	29	32	80	5	32	87	50	50	72	5	22	15	82	28	31	4	37	19	98	33	94	0	71	34	49	41	88	75	46	98	69	48	35	35	1	50	29	93	23	75	83	25	69	96	75	79	68	70	29	22	99	66	52	54	71	45	83	19	62	10	75	57	4	46	2	32	21	33	95	20	96	79	21	45	95	21	
18	49	23	68	74	40	15	55	42	22	53	56	8	96	40	7	100	89	94	17	59	84	49	55	98	0	61	4	47	27	53	26	39	86	61	38	29	85	30	82	1	13	42	69	28	57	67	1	0	86	92	36	12	43	20	24	67	33	18	63	23	41	2	4	63	63	38	84	37	4	19	74	72	42	25	39	41	71	21	16	74	57	52	6	51	23	81	55	82	88	39	55	16	10	42	49	77	96	59	69	
52	29	85	28	56	19	17	5	99	6	50	77	78	59	51	67	83	30	65	8	2	11	39	29	94	94	18	35	56	52	42	6	21	6	45	59	4	15	100	59	2	66	47	45	56	34	89	40	84	14	88	86	61	41	34	71	97	12	56	33	10	92	52	77	79	55	22	9	79	82	92	31	52	27	70	23	59	95	68	100	43	13	45	91	16	24	56	29	78	28	28	83	3	64	4	100	22	41	38	56	
34	4	56	90	48	83	83	14	91	33	16	2	76	11	43	86	48	81	95	40	82	18	6	29	25	64	36	63	27	77	44	44	67	41	52	20	42	40	60	25	42	66	32	74	54	81	16	71	71	17	94	78	4	92	57	71	86	29	94	57	64	77	91	3	80	91	68	1	47	10	75	65	80	88	27	44	28	67	69	92	61	80	72	36	96	56	60	99	90	88	59	81	92	35	39	67	67	67	93	33	
22	82	52	89	45	3	99	38	70	34	100	18	54	40	19	3	5	1	58	75	33	27	55	97	75	56	6	24	19	9	32	43	66	36	12	54	41	11	11	34	68	34	32	2	70	4	8	68	71	26	63	61	29	78	36	82	49	76	53	16	87	24	28	14	85	29	98	94	40	16	56	29	57	94	94	77	62	6	88	70	73	24	39	53	63	43	47	13	74	91	35	82	86	80	54	55	30	50	51	88	
75	51	63	28	57	39	92	76	87	46	46	98	12	98	2	70	51	9	53	5	5	71	71	84	78	19	38	9	2	4	43	54	96	96	73	9	92	33	22	53	12	90	49	21	58	34	68	59	85	38	31	63	26	94	21	57	38	45	5	1	4	52	77	39	40	38	86	34	59	25	50	97	54	79	9	6	81	95	100	35	68	53	32	63	67	19	72	81	85	68	64	16	15	6	71	61	26	34	89	26	
32	92	86	6	98	52	40	5	29	78	57	53	90	24	3	16	52	31	7	67	27	28	63	38	4	8	44	14	96	44	73	86	96	5	32	59	94	25	41	67	70	26	83	25	16	19	30	53	78	44	98	86	55	45	25	35	66	12	31	50	25	18	97	76	51	66	6	99	6	43	48	27	61	82	21	54	10	23	100	20	59	66	82	72	29	37	62	10	30	84	72	70	67	10	6	78	46	25	91	53	
40	37	12	12	19	25	24	44	78	18	14	92	33	48	26	41	88	79	92	73	60	22	9	76	83	11	61	3	16	45	59	31	45	95	70	31	79	24	94	90	12	99	15	10	84	37	37	62	9	80	54	31	6	22	69	99	53	9	75	92	73	95	10	55	4	17	81	27	0	13	87	69	52	22	70	35	33	65	54	42	97	15	83	75	2	23	32	83	22	48	49	42	51	79	78	71	43	72	92	47	
92	49	61	31	5	67	61	18	40	1	74	69	43	91	28	31	56	38	98	27	59	71	49	69	45	49	3	11	55	17	86	54	7	86	36	58	100	18	45	79	8	65	12	85	74	94	49	55	50	7	11	7	75	23	85	29	45	52	72	71	38	41	91	68	10	3	86	96	84	60	83	20	81	73	46	91	64	61	71	40	78	74	95	70	51	52	89	79	20	50	75	45	82	100	79	1	59	68	96	78	
96	52	15	66	40	24	46	37	86	51	54	55	81	98	14	59	68	22	46	9	66	78	65	60	82	39	33	53	92	59	0	74	35	12	55	40	73	100	73	78	61	21	99	51	29	50	7	69	55	5	27	12	98	56	54	52	30	44	18	87	50	55	91	66	26	3	63	99	43	20	55	54	7	58	96	55	27	10	77	39	43	27	75	83	34	27	85	79	5	39	89	70	13	98	30	63	5	45	63	53	
89	58	93	29	73	63	31	92	11	79	96	21	97	85	98	81	68	41	8	10	51	69	49	91	19	62	48	20	60	48	40	78	11	29	13	39	56	24	5	4	87	83	56	26	2	51	86	21	34	59	40	10	74	22	71	83	35	17	95	82	24	40	52	67	41	70	16	3	50	97	76	15	15	6	73	11	79	33	26	83	35	10	85	11	87	5	60	75	97	84	60	92	53	77	16	82	4	85	15	43	
30	1	94	94	78	8	35	51	0	97	60	1	64	19	36	92	56	83	20	25	8	85	13	76	88	16	38	10	93	50	17	10	10	0	85	0	69	53	57	31	59	49	58	56	91	7	58	21	99	31	76	81	32	82	96	0	74	58	30	19	45	5	63	51	68	45	99	77	17	11	20	76	51	49	80	8	9	28	51	44	35	26	10	38	88	10	78	28	32	100	65	15	38	7	38	34	96	86	3	43	
